Li_Generate_Graph:
20
0	500	300	2	{	8	10	};
1	490.221	361.773	3	{	14	2	16	};
2	461.841	417.505	2	{	4	1	};
3	417.634	461.747	2	{	17	13	};
4	361.925	490.172	2	{	2	11	};
5	300.159	500	3	{	7	12	6	};
6	238.378	490.27	3	{	12	7	5	};
7	182.623	461.934	2	{	5	6	};
8	138.347	417.763	2	{	0	10	};
9	109.877	362.076	1	{	11	};
10	100	300.319	3	{	8	18	0	};
11	109.681	238.53	2	{	4	9	};
12	137.972	182.752	2	{	6	5	};
13	182.108	138.44	1	{	3	};
14	237.773	109.927	2	{	1	16	};
15	299.522	100.001	1	{	16	};
16	361.318	109.632	4	{	14	15	19	1	};
17	417.119	137.879	1	{	3	};
18	461.466	181.98	1	{	10	};
19	490.023	237.621	1	{	16	};
