Li_Generate_Graph:
20
0	500	300	5	{	1	3	5	6	17	};
1	490.221	361.773	7	{	0	2	4	11	18	6	5	};
2	461.841	417.505	1	{	1	};
3	417.634	461.747	5	{	0	9	16	10	5	};
4	361.925	490.172	2	{	1	7	};
5	300.159	500	5	{	0	17	1	3	6	};
6	238.378	490.27	3	{	0	1	5	};
7	182.623	461.934	4	{	4	8	14	19	};
8	138.347	417.763	2	{	7	12	};
9	109.877	362.076	2	{	3	10	};
10	100	300.319	2	{	9	3	};
11	109.681	238.53	2	{	1	15	};
12	137.972	182.752	2	{	8	13	};
13	182.108	138.44	1	{	12	};
14	237.773	109.927	2	{	7	19	};
15	299.522	100.001	1	{	11	};
16	361.318	109.632	1	{	3	};
17	417.119	137.879	2	{	0	5	};
18	461.466	181.98	1	{	1	};
19	490.023	237.621	2	{	14	7	};
