Li_Generate_Graph:
20
0	589.625	253.375	5	{	1	3	5	6	17	};
1	589.661	424.833	7	{	0	2	4	11	18	6	5	};
2	666.466	493.38	1	{	1	};
3	650.259	201.122	5	{	0	9	16	10	5	};
4	470.55	424.547	2	{	1	7	};
5	710.784	253.375	5	{	0	17	1	3	6	};
6	710.596	424.404	3	{	0	1	5	};
7	470.248	334.809	4	{	4	8	14	19	};
8	347.472	429.138	2	{	7	12	};
9	589.502	139.951	2	{	3	10	};
10	650.625	139.694	2	{	9	3	};
11	535.306	312.905	2	{	1	15	};
12	347.597	494.627	2	{	8	13	};
13	423.233	494.815	1	{	12	};
14	349.898	232.302	2	{	7	19	};
15	535.647	253.876	1	{	11	};
16	583.276	201.748	1	{	3	};
17	649.744	297.754	2	{	0	5	};
18	589.091	499.355	1	{	1	};
19	349.648	334.996	2	{	14	7	};
